Die
start: 0.041666666666666664
end: 2.125
Stand
start: 2.2083333333333335
end: 14.083333333333334
TurnAround
start: 14.166666666666666
end: 16.041666666666668
Walk
start: 16.125
end: 17.375
